2025-04-10 15:50:36 - 
2025-04-10 15:50:36 - =========================( Parsing command line arguments )=========================
2025-04-10 15:50:36 - 
2025-04-10 15:50:36 - All paths relative to input file subdirectory <../tests/perf/lb/scenario/guo/>
2025-04-10 15:50:36 - Input file = <../tests/perf/lb/scenario/guo/input_1socket>
2025-04-10 15:50:36 - File tag = <default>
2025-04-10 15:50:36 - From now on logging to file <LOG_1socket>
Region: add_source_term_pop_guo_CASE1_LOOP2
Group: 1
+-------------------------+---------+------------+------------+------------+------------+------------+------------+------------+------------+------------+------------+-------------+-------------+-------------+-------------+-------------+-------------+-------------+-------------+-------------+-------------+-------------+-------------+-------------+-------------+-------------+-------------+-------------+-------------+-------------+-------------+-------------+-------------+-------------+-------------+-------------+-------------+
|          Event          | Counter |  f0402:0:0 |  f0402:1:1 |  f0402:2:2 |  f0402:3:3 |  f0402:4:4 |  f0402:5:5 |  f0402:6:6 |  f0402:7:7 |  f0402:8:8 |  f0402:9:9 | f0402:10:10 | f0402:11:11 | f0402:12:12 | f0402:13:13 | f0402:14:14 | f0402:15:15 | f0402:16:16 | f0402:17:17 | f0402:18:18 | f0402:19:19 | f0402:20:20 | f0402:21:21 | f0402:22:22 | f0402:23:23 | f0402:24:24 | f0402:25:25 | f0402:26:26 | f0402:27:27 | f0402:28:28 | f0402:29:29 | f0402:30:30 | f0402:31:31 | f0402:32:32 | f0402:33:33 | f0402:34:34 | f0402:35:35 |
+-------------------------+---------+------------+------------+------------+------------+------------+------------+------------+------------+------------+------------+-------------+-------------+-------------+-------------+-------------+-------------+-------------+-------------+-------------+-------------+-------------+-------------+-------------+-------------+-------------+-------------+-------------+-------------+-------------+-------------+-------------+-------------+-------------+-------------+-------------+-------------+
|       Region calls      |   CTR   |        200 |        200 |        200 |        200 |        200 |        200 |        200 |        200 |        200 |        200 |         200 |         200 |         200 |         200 |         200 |         200 |         200 |         200 |         200 |         200 |         200 |         200 |         200 |         200 |         200 |         200 |         200 |         200 |         200 |         200 |         200 |         200 |         200 |         200 |         200 |         200 |
|    INSTR_RETIRED_ANY    |  FIXC0  | 4098087000 | 4098090000 | 4111008000 | 4098100000 | 4098103000 | 4098107000 | 4098111000 | 4098115000 | 4098131000 | 4098119000 |  4098123000 |  4098132000 |  4098132000 |  4098138000 |  4098140000 |  4098143000 |  4098146000 |  4098148000 |  4098151000 |  4098155000 |  4098161000 |  4098164000 |  4098169000 |  4098173000 |  4098174000 |  4098180000 |  4098181000 |  4098185000 |  4098188000 |  4098193000 |  4098198000 |  4098203000 |  4098206000 |  4098207000 |  4098212000 |  4098212000 |
|  CPU_CLK_UNHALTED_CORE  |  FIXC1  | 1740451000 | 1692374000 | 1733406000 | 1712531000 | 1757687000 | 1713961000 | 1723844000 | 1736000000 | 1775386000 | 1711536000 |  1747110000 |  1742712000 |  1708575000 |  1717541000 |  1690264000 |  1734821000 |  1698579000 |  1758664000 |  1723387000 |  1746199000 |  1712937000 |  1732777000 |  1750743000 |  1745567000 |  1697739000 |  1692759000 |  1714819000 |  1724028000 |  1715618000 |  1778486000 |  1734139000 |  1736381000 |  1724679000 |  1696392000 |  1742284000 |  1757657000 |
|   CPU_CLK_UNHALTED_REF  |  FIXC2  | 1740452000 | 1692366000 | 1733399000 | 1712529000 | 1757690000 | 1713962000 | 1723849000 | 1735998000 | 1775389000 | 1711533000 |  1747109000 |  1742717000 |  1708575000 |  1717540000 |  1690265000 |  1734819000 |  1698585000 |  1758669000 |  1723382000 |  1746200000 |  1712939000 |  1732779000 |  1750745000 |  1745566000 |  1697733000 |  1692758000 |  1714820000 |  1724029000 |  1715615000 |  1778491000 |  1734142000 |  1736383000 |  1724680000 |  1696387000 |  1742285000 |  1757658000 |
|      TOPDOWN_SLOTS      |  FIXC3  | 8702257000 | 8461868000 | 8667032000 | 8562653000 | 8788433000 | 8569806000 | 8619221000 | 8680001000 | 8876930000 | 8557678000 |  8735550000 |  8713561000 |  8542875000 |  8587703000 |  8451321000 |  8674105000 |  8492896000 |  8793320000 |  8616934000 |  8730997000 |  8564683000 |  8663884000 |  8753713000 |  8727837000 |  8488697000 |  8463794000 |  8574096000 |  8620140000 |  8578092000 |  8892428000 |  8670693000 |  8681903000 |  8623394000 |  8481961000 |  8711419000 |  8788284000 |
|     L2_LINES_IN_ALL     |   PMC0  |   24993240 |   24992050 |   25083730 |   25040510 |   24997990 |   25000010 |   24968010 |   25005320 |   25043030 |   25139460 |    24999680 |    25064220 |    25014200 |    25061710 |    24993380 |    24990790 |    25004470 |    24982970 |    24989250 |    25009730 |    24981680 |    25037800 |    24989600 |    25023300 |    25009630 |    24980340 |    25000930 |    24981150 |    25039950 |    24983010 |    25040480 |    24979650 |    25032910 |    25009930 |    25026260 |    25006670 |
|      L2_TRANS_L2_WB     |   PMC1  |   23669110 |   23683870 |   23722670 |   23633600 |   23655560 |   23575510 |   23611610 |   23565480 |   23556990 |   23736250 |    23677450 |    23616830 |    23689850 |    23653560 |    23742870 |    23653290 |    23609940 |    23566000 |    23581110 |    23516390 |    23559110 |    23768200 |    23671920 |    23544900 |    23566610 |    23679390 |    23731990 |    23777370 |    23684200 |    23489860 |    23740590 |    23493610 |    23696320 |    23755930 |    23742340 |    23647260 |
|   L2_LINES_OUT_SILENT   |   PMC2  |    1323098 |    1307664 |    1358648 |    1406258 |    1341776 |    1423949 |    1355059 |    1438677 |    1484517 |    1402726 |     1321531 |     1445865 |     1323643 |     1407815 |     1249180 |     1337194 |     1394047 |     1416027 |     1407580 |     1492792 |     1422234 |     1269176 |     1316323 |     1477037 |     1441386 |     1299301 |     1267625 |     1201953 |     1355106 |     1492716 |     1298432 |     1484877 |     1335319 |     1252117 |     1282929 |     1358879 |
| L2_LINES_OUT_NON_SILENT |   PMC3  |   23669140 |   23683900 |   23722700 |   23633680 |   23655640 |   23575580 |   23611620 |   23565500 |   23557020 |   23736300 |    23677510 |    23616860 |    23689910 |    23653550 |    23742970 |    23653270 |    23610000 |    23566090 |    23581150 |    23516440 |    23559080 |    23768230 |    23671960 |    23544930 |    23566660 |    23679420 |    23732040 |    23777430 |    23684210 |    23489890 |    23740630 |    23493640 |    23696330 |    23755940 |    23742350 |    23647320 |
+-------------------------+---------+------------+------------+------------+------------+------------+------------+------------+------------+------------+------------+-------------+-------------+-------------+-------------+-------------+-------------+-------------+-------------+-------------+-------------+-------------+-------------+-------------+-------------+-------------+-------------+-------------+-------------+-------------+-------------+-------------+-------------+-------------+-------------+-------------+-------------+

+------------------------------+---------+--------------+------------+------------+--------------+
|             Event            | Counter |      Sum     |     Min    |     Max    |      Avg     |
+------------------------------+---------+--------------+------------+------------+--------------+
|       Region calls STAT      |   CTR   |         7200 |        200 |        200 |          200 |
|    INSTR_RETIRED_ANY STAT    |  FIXC0  | 147546385000 | 4098087000 | 4111008000 | 4.098511e+09 |
|  CPU_CLK_UNHALTED_CORE STAT  |  FIXC1  |  62222033000 | 1690264000 | 1778486000 | 1.728390e+09 |
|   CPU_CLK_UNHALTED_REF STAT  |  FIXC2  |  62222038000 | 1690265000 | 1778491000 | 1.728390e+09 |
|      TOPDOWN_SLOTS STAT      |  FIXC3  | 311110159000 | 8451321000 | 8892428000 | 8.641949e+09 |
|     L2_LINES_IN_ALL STAT     |   PMC0  |    900497040 |   24968010 |   25139460 | 2.501381e+07 |
|      L2_TRANS_L2_WB STAT     |   PMC1  |    851267540 |   23489860 |   23777370 | 2.364632e+07 |
|   L2_LINES_OUT_SILENT STAT   |   PMC2  |     49193456 |    1201953 |    1492792 | 1.366485e+06 |
| L2_LINES_OUT_NON_SILENT STAT |   PMC3  |    851268890 |   23489890 |   23777430 | 2.364636e+07 |
+------------------------------+---------+--------------+------------+------------+--------------+

+-----------------------------------+-----------+-----------+-----------+-----------+-----------+-----------+-----------+-----------+-----------+-----------+-------------+-------------+-------------+-------------+-------------+-------------+-------------+-------------+-------------+-------------+-------------+-------------+-------------+-------------+-------------+-------------+-------------+-------------+-------------+-------------+-------------+-------------+-------------+-------------+-------------+-------------+
|               Metric              | f0402:0:0 | f0402:1:1 | f0402:2:2 | f0402:3:3 | f0402:4:4 | f0402:5:5 | f0402:6:6 | f0402:7:7 | f0402:8:8 | f0402:9:9 | f0402:10:10 | f0402:11:11 | f0402:12:12 | f0402:13:13 | f0402:14:14 | f0402:15:15 | f0402:16:16 | f0402:17:17 | f0402:18:18 | f0402:19:19 | f0402:20:20 | f0402:21:21 | f0402:22:22 | f0402:23:23 | f0402:24:24 | f0402:25:25 | f0402:26:26 | f0402:27:27 | f0402:28:28 | f0402:29:29 | f0402:30:30 | f0402:31:31 | f0402:32:32 | f0402:33:33 | f0402:34:34 | f0402:35:35 |
+-----------------------------------+-----------+-----------+-----------+-----------+-----------+-----------+-----------+-----------+-----------+-----------+-------------+-------------+-------------+-------------+-------------+-------------+-------------+-------------+-------------+-------------+-------------+-------------+-------------+-------------+-------------+-------------+-------------+-------------+-------------+-------------+-------------+-------------+-------------+-------------+-------------+-------------+
|        Runtime (RDTSC) [s]        |    0.7309 |    0.7097 |    0.7302 |    0.7188 |    0.7374 |    0.7185 |    0.7243 |    0.7297 |    0.7445 |    0.7169 |      0.7325 |      0.7321 |      0.7172 |      0.7229 |      0.7122 |      0.7278 |      0.7125 |      0.7372 |      0.7225 |      0.7322 |      0.7183 |      0.7264 |      0.7351 |      0.7338 |      0.7143 |      0.7102 |      0.7195 |      0.7238 |      0.7198 |      0.7458 |      0.7276 |      0.7284 |      0.7256 |      0.7130 |      0.7319 |      0.7363 |
|        Runtime unhalted [s]       |    0.7269 |    0.7069 |    0.7240 |    0.7152 |    0.7341 |    0.7158 |    0.7200 |    0.7250 |    0.7415 |    0.7148 |      0.7297 |      0.7279 |      0.7136 |      0.7173 |      0.7059 |      0.7246 |      0.7094 |      0.7345 |      0.7198 |      0.7293 |      0.7154 |      0.7237 |      0.7315 |      0.7291 |      0.7091 |      0.7070 |      0.7162 |      0.7202 |      0.7166 |      0.7428 |      0.7243 |      0.7252 |      0.7203 |      0.7086 |      0.7277 |      0.7341 |
|            Clock [MHz]            | 2394.3239 | 2394.1307 | 2394.3329 | 2394.3233 | 2394.3207 | 2394.3206 | 2394.3178 | 2394.3246 | 2394.3152 | 2394.3275 |   2394.3222 |   2394.1341 |   2394.3222 |   2394.3254 |   2394.3211 |   2394.3242 |   2394.3148 |   2394.3155 |   2394.3264 |   2394.3184 |   2394.2406 |   2394.3192 |   2393.2291 |   2393.9978 |   2394.3302 |   2394.3249 |   2394.2670 |   2393.7683 |   2394.0926 |   2394.3147 |   2394.1654 |   2394.3189 |   2394.3244 |   2393.9482 |   2394.1629 |   2394.2026 |
|                CPI                |    0.4247 |    0.4130 |    0.4216 |    0.4179 |    0.4289 |    0.4182 |    0.4206 |    0.4236 |    0.4332 |    0.4176 |      0.4263 |      0.4252 |      0.4169 |      0.4191 |      0.4124 |      0.4233 |      0.4145 |      0.4291 |      0.4205 |      0.4261 |      0.4180 |      0.4228 |      0.4272 |      0.4259 |      0.4143 |      0.4131 |      0.4184 |      0.4207 |      0.4186 |      0.4340 |      0.4231 |      0.4237 |      0.4208 |      0.4139 |      0.4251 |      0.4289 |
|    L3 load bandwidth [MBytes/s]   | 2188.4301 | 2253.6869 | 2198.4981 | 2229.4274 | 2169.7143 | 2226.7973 | 2206.3063 | 2193.1996 | 2152.7750 | 2244.3849 |   2184.3708 |   2191.2396 |   2232.1962 |   2218.8353 |   2245.8988 |   2197.7291 |   2245.9872 |   2168.7783 |   2213.5898 |   2186.0428 |   2225.7470 |   2206.0920 |   2175.8112 |   2182.4122 |   2240.8620 |   2251.1339 |   2223.7411 |   2208.9009 |   2226.3918 |   2143.9583 |   2202.5620 |   2194.6717 |   2207.9227 |   2245.0754 |   2188.4022 |   2173.6779 |
|    L3 load data volume [GBytes]   |    1.5996 |    1.5995 |    1.6054 |    1.6026 |    1.5999 |    1.6000 |    1.5980 |    1.6003 |    1.6028 |    1.6089 |      1.6000 |      1.6041 |      1.6009 |      1.6039 |      1.5996 |      1.5994 |      1.6003 |      1.5989 |      1.5993 |      1.6006 |      1.5988 |      1.6024 |      1.5993 |      1.6015 |      1.6006 |      1.5987 |      1.6001 |      1.5988 |      1.6026 |      1.5989 |      1.6026 |      1.5987 |      1.6021 |      1.6006 |      1.6017 |      1.6004 |
|   L3 evict bandwidth [MBytes/s]   | 2072.4908 | 2135.7230 | 2079.2088 | 2104.1733 | 2053.2043 | 2099.9207 | 2086.4485 | 2066.9140 | 2025.0331 | 2119.1144 |   2068.8449 |   2064.7041 |   2114.0203 |   2094.1640 |   2133.5373 |   2080.1055 |   2120.7311 |   2045.7785 |   2088.8579 |   2055.5178 |   2099.0002 |   2094.2296 |   2061.0861 |   2053.4759 |   2111.5719 |   2133.8999 |   2110.8779 |   2102.4647 |   2105.8481 |   2015.8237 |   2088.2271 |   2064.1132 |   2090.0353 |   2132.5081 |   2076.1317 |   2055.5179 |
|   L3 evict data volume [GBytes]   |    1.5148 |    1.5158 |    1.5183 |    1.5126 |    1.5140 |    1.5088 |    1.5111 |    1.5082 |    1.5076 |    1.5191 |      1.5154 |      1.5115 |      1.5162 |      1.5138 |      1.5196 |      1.5138 |      1.5110 |      1.5082 |      1.5092 |      1.5051 |      1.5078 |      1.5212 |      1.5150 |      1.5069 |      1.5083 |      1.5155 |      1.5189 |      1.5218 |      1.5158 |      1.5034 |      1.5194 |      1.5036 |      1.5166 |      1.5204 |      1.5195 |      1.5134 |
| L3|MEM evict bandwidth [MBytes/s] | 2072.4882 | 2135.7203 | 2079.2061 | 2104.1662 | 2053.1973 | 2099.9145 | 2086.4476 | 2066.9122 | 2025.0305 | 2119.1100 |   2068.8397 |   2064.7015 |   2114.0150 |   2094.1649 |   2133.5283 |   2080.1073 |   2120.7257 |   2045.7707 |   2088.8544 |   2055.5134 |   2099.0029 |   2094.2270 |   2061.0826 |   2053.4733 |   2111.5674 |   2133.8972 |   2110.8735 |   2102.4594 |   2105.8472 |   2015.8212 |   2088.2236 |   2064.1106 |   2090.0344 |   2132.5072 |   2076.1308 |   2055.5127 |
| L3|MEM evict data volume [GBytes] |    1.5148 |    1.5158 |    1.5183 |    1.5126 |    1.5140 |    1.5088 |    1.5111 |    1.5082 |    1.5076 |    1.5191 |      1.5154 |      1.5115 |      1.5162 |      1.5138 |      1.5195 |      1.5138 |      1.5110 |      1.5082 |      1.5092 |      1.5050 |      1.5078 |      1.5212 |      1.5150 |      1.5069 |      1.5083 |      1.5155 |      1.5188 |      1.5218 |      1.5158 |      1.5034 |      1.5194 |      1.5036 |      1.5166 |      1.5204 |      1.5195 |      1.5134 |
|  Dropped CLs bandwidth [MBytes/s] |  115.8516 |  117.9201 |  119.0806 |  125.2031 |  116.4602 |  126.8338 |  119.7402 |  126.1854 |  127.6136 |  125.2317 |    115.4700 |    126.4048 |    118.1181 |    124.6407 |    112.2510 |    117.5949 |    125.2181 |    122.9257 |    124.6858 |    130.4815 |    126.7142 |    111.8277 |    114.6105 |    128.8201 |    129.1481 |    117.0881 |    112.7506 |    106.2799 |    120.4873 |    128.0999 |    114.2102 |    130.4589 |    117.7762 |    112.3992 |    112.1847 |    118.1191 |
|  Dropped CLs data volume [GBytes] |    0.0847 |    0.0837 |    0.0870 |    0.0900 |    0.0859 |    0.0911 |    0.0867 |    0.0921 |    0.0950 |    0.0898 |      0.0846 |      0.0925 |      0.0847 |      0.0901 |      0.0799 |      0.0856 |      0.0892 |      0.0906 |      0.0901 |      0.0955 |      0.0910 |      0.0812 |      0.0842 |      0.0945 |      0.0922 |      0.0832 |      0.0811 |      0.0769 |      0.0867 |      0.0955 |      0.0831 |      0.0950 |      0.0855 |      0.0801 |      0.0821 |      0.0870 |
|      L3 bandwidth [MBytes/s]      | 4260.9183 | 4389.4072 | 4277.7043 | 4333.5935 | 4222.9116 | 4326.7118 | 4292.7539 | 4260.1119 | 4177.8055 | 4363.4948 |   4253.2105 |   4255.9411 |   4346.2112 |   4313.0002 |   4379.4272 |   4277.8364 |   4366.7129 |   4214.5490 |   4302.4442 |   4241.5562 |   4324.7499 |   4300.3190 |   4236.8938 |   4235.8855 |   4352.4294 |   4385.0310 |   4334.6145 |   4311.3602 |   4332.2390 |   4159.7795 |   4290.7856 |   4258.7823 |   4297.9571 |   4377.5826 |   4264.5330 |   4229.1906 |
|      L3 data volume [GBytes]      |    3.1144 |    3.1153 |    3.1236 |    3.1151 |    3.1138 |    3.1088 |    3.1091 |    3.1085 |    3.1104 |    3.1280 |      3.1153 |      3.1156 |      3.1171 |      3.1178 |      3.1191 |      3.1132 |      3.1113 |      3.1071 |      3.1085 |      3.1057 |      3.1066 |      3.1236 |      3.1143 |      3.1084 |      3.1089 |      3.1142 |      3.1189 |      3.1205 |      3.1183 |      3.1023 |      3.1220 |      3.1023 |      3.1187 |      3.1210 |      3.1212 |      3.1139 |
+-----------------------------------+-----------+-----------+-----------+-----------+-----------+-----------+-----------+-----------+-----------+-----------+-------------+-------------+-------------+-------------+-------------+-------------+-------------+-------------+-------------+-------------+-------------+-------------+-------------+-------------+-------------+-------------+-------------+-------------+-------------+-------------+-------------+-------------+-------------+-------------+-------------+-------------+

+----------------------------------------+-------------+-----------+-----------+-----------+-----------+-----------+-----------+
|                 Metric                 |     Sum     |    Min    |    Max    |    Avg    |  %ile 25  |  %ile 50  |  %ile 75  |
+----------------------------------------+-------------+-----------+-----------+-----------+-----------+-----------+-----------+
|        Runtime (RDTSC) [s] STAT        |     26.1198 |    0.7097 |    0.7458 |    0.7255 |    0.7183 |    0.7256 |    0.7321 |
|        Runtime unhalted [s] STAT       |     25.9880 |    0.7059 |    0.7428 |    0.7219 |    0.7152 |    0.7203 |    0.7279 |
|            Clock [MHz] STAT            |  86192.0683 | 2393.2291 | 2394.3329 | 2394.2241 | 2394.1654 | 2394.3184 | 2394.3239 |
|                CPI STAT                |     15.1812 |    0.4124 |    0.4340 |    0.4217 |    0.4179 |    0.4208 |    0.4252 |
|    L3 load bandwidth [MBytes/s] STAT   |  79445.2501 | 2143.9583 | 2253.6869 | 2206.8125 | 2186.0428 | 2206.0920 | 2226.7973 |
|    L3 load data volume [GBytes] STAT   |     57.6318 |    1.5980 |    1.6089 |    1.6009 |    1.5993 |    1.6003 |    1.6021 |
|   L3 evict bandwidth [MBytes/s] STAT   |  75103.3036 | 2015.8237 | 2135.7230 | 2086.2029 | 2064.1132 | 2088.2271 | 2105.8481 |
|   L3 evict data volume [GBytes] STAT   |     54.4816 |    1.5034 |    1.5218 |    1.5134 |    1.5083 |    1.5138 |    1.5166 |
| L3|MEM evict bandwidth [MBytes/s] STAT |  75103.1848 | 2015.8212 | 2135.7203 | 2086.1996 | 2064.1106 | 2088.2236 | 2105.8472 |
| L3|MEM evict data volume [GBytes] STAT |     54.4813 |    1.5034 |    1.5218 |    1.5134 |    1.5083 |    1.5138 |    1.5166 |
|  Dropped CLs bandwidth [MBytes/s] STAT |   4338.8856 |  106.2799 |  130.4815 |  120.5246 |  115.4700 |  119.0806 |  126.1854 |
|  Dropped CLs data volume [GBytes] STAT |      3.1481 |    0.0769 |    0.0955 |    0.0874 |    0.0837 |    0.0867 |    0.0910 |
|      L3 bandwidth [MBytes/s] STAT      | 154548.4347 | 4159.7795 | 4389.4072 | 4293.0121 | 4253.2105 | 4292.7539 | 4333.5935 |
|      L3 data volume [GBytes] STAT      |    112.1128 |    3.1023 |    3.1280 |    3.1142 |    3.1088 |    3.1143 |    3.1187 |
+----------------------------------------+-------------+-----------+-----------+-----------+-----------+-----------+-----------+

