2025-04-10 15:49:43 - 
2025-04-10 15:49:43 - =========================( Parsing command line arguments )=========================
2025-04-10 15:49:43 - 
2025-04-10 15:49:43 - All paths relative to input file subdirectory <../tests/perf/lb/scenario/guo/>
2025-04-10 15:49:43 - Input file = <../tests/perf/lb/scenario/guo/input_1socket>
2025-04-10 15:49:44 - File tag = <default>
2025-04-10 15:49:44 - From now on logging to file <LOG_1socket>
Region: add_source_term_pop_guo_CASE1_LOOP2
Group: 1
+-----------------------+---------+------------+------------+------------+------------+------------+------------+------------+------------+------------+------------+-------------+-------------+-------------+-------------+-------------+-------------+-------------+-------------+-------------+-------------+-------------+-------------+-------------+-------------+-------------+-------------+-------------+-------------+-------------+-------------+-------------+-------------+-------------+-------------+-------------+-------------+
|         Event         | Counter |  f0402:0:0 |  f0402:1:1 |  f0402:2:2 |  f0402:3:3 |  f0402:4:4 |  f0402:5:5 |  f0402:6:6 |  f0402:7:7 |  f0402:8:8 |  f0402:9:9 | f0402:10:10 | f0402:11:11 | f0402:12:12 | f0402:13:13 | f0402:14:14 | f0402:15:15 | f0402:16:16 | f0402:17:17 | f0402:18:18 | f0402:19:19 | f0402:20:20 | f0402:21:21 | f0402:22:22 | f0402:23:23 | f0402:24:24 | f0402:25:25 | f0402:26:26 | f0402:27:27 | f0402:28:28 | f0402:29:29 | f0402:30:30 | f0402:31:31 | f0402:32:32 | f0402:33:33 | f0402:34:34 | f0402:35:35 |
+-----------------------+---------+------------+------------+------------+------------+------------+------------+------------+------------+------------+------------+-------------+-------------+-------------+-------------+-------------+-------------+-------------+-------------+-------------+-------------+-------------+-------------+-------------+-------------+-------------+-------------+-------------+-------------+-------------+-------------+-------------+-------------+-------------+-------------+-------------+-------------+
|      Region calls     |   CTR   |        200 |        200 |        200 |        200 |        200 |        200 |        200 |        200 |        200 |        200 |         200 |         200 |         200 |         200 |         200 |         200 |         200 |         200 |         200 |         200 |         200 |         200 |         200 |         200 |         200 |         200 |         200 |         200 |         200 |         200 |         200 |         200 |         200 |         200 |         200 |         200 |
|   INSTR_RETIRED_ANY   |  FIXC0  | 4098083000 | 4098075000 | 4098075000 | 4098079000 | 4098082000 | 4098086000 | 4098091000 | 4098095000 | 4099839000 | 4098100000 |  4098107000 |  4098108000 |  4098112000 |  4098115000 |  4098118000 |  4098124000 |  4098128000 |  4098131000 |  4098133000 |  4098136000 |  4098140000 |  4098143000 |  4098148000 |  4098150000 |  4098154000 |  4098158000 |  4098162000 |  4098165000 |  4098169000 |  4098172000 |  4098176000 |  4098184000 |  4098184000 |  4098187000 |  4098190000 |  4098193000 |
| CPU_CLK_UNHALTED_CORE |  FIXC1  | 1829554000 | 1736724000 | 1731126000 | 1718789000 | 1729272000 | 1722317000 | 1689104000 | 1722884000 | 1696958000 | 1726099000 |  1702528000 |  1737568000 |  1713390000 |  1765783000 |  1779824000 |  1717215000 |  1752469000 |  1730010000 |  1742700000 |  1699285000 |  1708410000 |  1711245000 |  1716388000 |  1710555000 |  1766686000 |  1725204000 |  1743360000 |  1738369000 |  1724039000 |  1783308000 |  1771986000 |  1695712000 |  1769050000 |  1773969000 |  1750841000 |  1736620000 |
|  CPU_CLK_UNHALTED_REF |  FIXC2  | 1829556000 | 1736724000 | 1731126000 | 1718789000 | 1729269000 | 1722311000 | 1689103000 | 1722885000 | 1696958000 | 1726101000 |  1702534000 |  1737572000 |  1713391000 |  1765782000 |  1779823000 |  1717218000 |  1752470000 |  1730018000 |  1742698000 |  1699286000 |  1708401000 |  1711247000 |  1716394000 |  1710556000 |  1766686000 |  1725211000 |  1743361000 |  1738370000 |  1724038000 |  1783306000 |  1771987000 |  1695711000 |  1769050000 |  1773966000 |  1750840000 |  1736615000 |
|     TOPDOWN_SLOTS     |  FIXC3  | 9147771000 | 8683619000 | 8655628000 | 8593945000 | 8646360000 | 8611584000 | 8445522000 | 8614422000 | 8484788000 | 8630497000 |  8512641000 |  8687838000 |  8566951000 |  8828916000 |  8899119000 |  8586077000 |  8762347000 |  8650050000 |  8713499000 |  8496424000 |  8542051000 |  8556226000 |  8581941000 |  8552776000 |  8833432000 |  8626022000 |  8716798000 |  8691847000 |  8620194000 |  8916540000 |  8859928000 |  8478558000 |  8845251000 |  8869843000 |  8754206000 |  8683098000 |
|    L1D_REPLACEMENT    |   PMC0  |   35431300 |   35478990 |   36041230 |   34918140 |   36563120 |   34332480 |   36212060 |   36594030 |   35707360 |   35254760 |    34955180 |    33019720 |    35624560 |    34517990 |    35370950 |    32684880 |    33546930 |    33871640 |    34586710 |    36086950 |    36079810 |    36256420 |    36041710 |    34433410 |    33824780 |    34478190 |    34479180 |    34664050 |    36138220 |    36257860 |    35956470 |    35077790 |    35232490 |    34373370 |    34731770 |    34192860 |
|    L2_TRANS_L1D_WB    |   PMC1  |   18867800 |   19659210 |   18938680 |   19067930 |   19822400 |   18720820 |   19529800 |   19284080 |   18774340 |   18809830 |    18849170 |    19314330 |    19455600 |    19316390 |    18970520 |    19456360 |    19206200 |    18900140 |    19087900 |    29808560 |    19132330 |    19099660 |    18843040 |    19304640 |    18854920 |    18765230 |    19147610 |    19205710 |    18826040 |    18904940 |    18921130 |    19358130 |    19357350 |    18922490 |    18894620 |    18863100 |
| ICACHE_64B_IFTAG_MISS |   PMC2  |     202375 |     188791 |     189230 |     191188 |     187486 |     183447 |     184794 |     193231 |     203360 |     186905 |      192637 |      194720 |      194647 |      177648 |      190995 |      194513 |      197208 |      200312 |      196090 |      179576 |      175043 |      189176 |      192263 |      187235 |      186269 |      183511 |      188856 |      180441 |      185156 |      189816 |      197534 |      192430 |      185270 |      181044 |      189447 |      185571 |
+-----------------------+---------+------------+------------+------------+------------+------------+------------+------------+------------+------------+------------+-------------+-------------+-------------+-------------+-------------+-------------+-------------+-------------+-------------+-------------+-------------+-------------+-------------+-------------+-------------+-------------+-------------+-------------+-------------+-------------+-------------+-------------+-------------+-------------+-------------+-------------+

+----------------------------+---------+--------------+------------+------------+--------------+
|            Event           | Counter |      Sum     |     Min    |     Max    |      Avg     |
+----------------------------+---------+--------------+------------+------------+--------------+
|      Region calls STAT     |   CTR   |         7200 |        200 |        200 |          200 |
|   INSTR_RETIRED_ANY STAT   |  FIXC0  | 147534492000 | 4098075000 | 4099839000 | 4.098180e+09 |
| CPU_CLK_UNHALTED_CORE STAT |  FIXC1  |  62469341000 | 1689104000 | 1829554000 | 1.735259e+09 |
|  CPU_CLK_UNHALTED_REF STAT |  FIXC2  |  62469353000 | 1689103000 | 1829556000 | 1.735260e+09 |
|     TOPDOWN_SLOTS STAT     |  FIXC3  | 312346709000 | 8445522000 | 9147771000 | 8.676297e+09 |
|    L1D_REPLACEMENT STAT    |   PMC0  |   1263017360 |   32684880 |   36594030 | 3.508382e+07 |
|    L2_TRANS_L1D_WB STAT    |   PMC1  |    698241000 |   18720820 |   29808560 | 1.939558e+07 |
| ICACHE_64B_IFTAG_MISS STAT |   PMC2  |      6818215 |     175043 |     203360 |  189394.8611 |
+----------------------------+---------+--------------+------------+------------+--------------+

+--------------------------------+-----------+-----------+-----------+-----------+-----------+-----------+-----------+-----------+-----------+-----------+-------------+-------------+-------------+-------------+-------------+-------------+-------------+-------------+-------------+-------------+-------------+-------------+-------------+-------------+-------------+-------------+-------------+-------------+-------------+-------------+-------------+-------------+-------------+-------------+-------------+-------------+
|             Metric             | f0402:0:0 | f0402:1:1 | f0402:2:2 | f0402:3:3 | f0402:4:4 | f0402:5:5 | f0402:6:6 | f0402:7:7 | f0402:8:8 | f0402:9:9 | f0402:10:10 | f0402:11:11 | f0402:12:12 | f0402:13:13 | f0402:14:14 | f0402:15:15 | f0402:16:16 | f0402:17:17 | f0402:18:18 | f0402:19:19 | f0402:20:20 | f0402:21:21 | f0402:22:22 | f0402:23:23 | f0402:24:24 | f0402:25:25 | f0402:26:26 | f0402:27:27 | f0402:28:28 | f0402:29:29 | f0402:30:30 | f0402:31:31 | f0402:32:32 | f0402:33:33 | f0402:34:34 | f0402:35:35 |
+--------------------------------+-----------+-----------+-----------+-----------+-----------+-----------+-----------+-----------+-----------+-----------+-------------+-------------+-------------+-------------+-------------+-------------+-------------+-------------+-------------+-------------+-------------+-------------+-------------+-------------+-------------+-------------+-------------+-------------+-------------+-------------+-------------+-------------+-------------+-------------+-------------+-------------+
|       Runtime (RDTSC) [s]      |    0.7675 |    0.7300 |    0.7276 |    0.7216 |    0.7250 |    0.7224 |    0.7093 |    0.7243 |    0.7141 |    0.7240 |      0.7142 |      0.7296 |      0.7187 |      0.7408 |      0.7483 |      0.7204 |      0.7357 |      0.7273 |      0.7327 |      0.7125 |      0.7167 |      0.7182 |      0.7218 |      0.7173 |      0.7415 |      0.7244 |      0.7316 |      0.7294 |      0.7246 |      0.7497 |      0.7428 |      0.7112 |      0.7423 |      0.7439 |      0.7348 |      0.7279 |
|      Runtime unhalted [s]      |    0.7641 |    0.7254 |    0.7230 |    0.7179 |    0.7222 |    0.7193 |    0.7055 |    0.7196 |    0.7087 |    0.7209 |      0.7111 |      0.7258 |      0.7156 |      0.7375 |      0.7434 |      0.7172 |      0.7319 |      0.7225 |      0.7280 |      0.7097 |      0.7135 |      0.7147 |      0.7169 |      0.7147 |      0.7379 |      0.7205 |      0.7282 |      0.7260 |      0.7205 |      0.7449 |      0.7401 |      0.7082 |      0.7389 |      0.7409 |      0.7312 |      0.7255 |
|           Clock [MHz]          | 2394.3135 | 2394.0554 | 2394.3210 | 2394.3261 | 2394.3241 | 2394.3306 | 2394.3232 | 2394.3179 | 2394.3255 | 2394.2929 |   2394.3175 |   2394.0935 |   2394.3206 |   2394.1689 |   2394.3254 |   2394.3186 |   2394.3185 |   2394.3126 |   2393.8846 |   2394.3208 |   2394.3325 |   2394.3200 |   2394.2914 |   2393.5150 |   2394.3226 |   2394.3139 |   2394.0867 |   2394.3224 |   2392.9089 |   2393.8701 |   2394.2364 |   2394.3245 |   2394.0286 |   2394.2502 |   2394.3240 |   2393.6977 |
|               CPI              |    0.4464 |    0.4238 |    0.4224 |    0.4194 |    0.4220 |    0.4203 |    0.4122 |    0.4204 |    0.4139 |    0.4212 |      0.4154 |      0.4240 |      0.4181 |      0.4309 |      0.4343 |      0.4190 |      0.4276 |      0.4221 |      0.4252 |      0.4146 |      0.4169 |      0.4176 |      0.4188 |      0.4174 |      0.4311 |      0.4210 |      0.4254 |      0.4242 |      0.4207 |      0.4351 |      0.4324 |      0.4138 |      0.4317 |      0.4329 |      0.4272 |      0.4238 |
|  L2D load bandwidth [MBytes/s] | 2954.3702 | 3110.3803 | 3169.9925 | 3096.9397 | 3227.7433 | 3041.5825 | 3267.5407 | 3233.4781 | 3200.4311 | 3116.2363 |   3132.5179 |   2896.6652 |   3172.2318 |   2981.9789 |   3025.1377 |   2903.5845 |   2918.2345 |   2980.4737 |   3021.2712 |   3241.4353 |   3221.9555 |   3231.0500 |   3195.7227 |   3072.0972 |   2919.6457 |   3046.0456 |   3016.4110 |   3041.5482 |   3191.7967 |   3095.3371 |   3097.9139 |   3156.4112 |   3037.5209 |   2957.1670 |   3025.1890 |   3006.4406 |
|  L2D load data volume [GBytes] |    2.2676 |    2.2707 |    2.3066 |    2.2348 |    2.3400 |    2.1973 |    2.3176 |    2.3420 |    2.2853 |    2.2563 |      2.2371 |      2.1133 |      2.2800 |      2.2092 |      2.2637 |      2.0918 |      2.1470 |      2.1678 |      2.2135 |      2.3096 |      2.3091 |      2.3204 |      2.3067 |      2.2037 |      2.1648 |      2.2066 |      2.2067 |      2.2185 |      2.3128 |      2.3205 |      2.3012 |      2.2450 |      2.2549 |      2.1999 |      2.2228 |      2.1883 |
| L2D evict bandwidth [MBytes/s] | 1573.2549 | 1723.4882 | 1665.7443 | 1691.1619 | 1749.8950 | 1658.5146 | 1762.2421 | 1703.9569 | 1682.7338 | 1662.6372 |   1689.1735 |   1694.3556 |   1732.4473 |   1668.7260 |   1622.4737 |   1728.4196 |   1670.7400 |   1663.0836 |   1667.3954 |   2677.4920 |   1708.5322 |   1702.0974 |   1670.7623 |   1722.3311 |   1627.4958 |   1657.8523 |   1675.1286 |   1685.1780 |   1662.7518 |   1613.9166 |   1630.1943 |   1741.9062 |   1668.8674 |   1627.9161 |   1645.7496 |   1658.5565 |
| L2D evict data volume [GBytes] |    1.2075 |    1.2582 |    1.2121 |    1.2203 |    1.2686 |    1.1981 |    1.2499 |    1.2342 |    1.2016 |    1.2038 |      1.2063 |      1.2361 |      1.2452 |      1.2362 |      1.2141 |      1.2452 |      1.2292 |      1.2096 |      1.2216 |      1.9077 |      1.2245 |      1.2224 |      1.2060 |      1.2355 |      1.2067 |      1.2010 |      1.2254 |      1.2292 |      1.2049 |      1.2099 |      1.2110 |      1.2389 |      1.2389 |      1.2110 |      1.2093 |      1.2072 |
|     L2 bandwidth [MBytes/s]    | 4544.4997 | 4850.4194 | 4852.3805 | 4805.0583 | 4994.1893 | 4716.3490 | 5046.4574 | 4954.5091 | 4901.3920 | 4795.3943 |   4838.9546 |   4608.1026 |   4922.0117 |   4666.0518 |   4663.9464 |   4649.2838 |   4606.1295 |   4661.1834 |   4705.7958 |   5935.0573 |   4946.1191 |   4950.0061 |   4883.5324 |   4811.1331 |   4563.2196 |   4720.1105 |   4708.0617 |   4742.5587 |   4870.9018 |   4725.4583 |   4745.1272 |   4915.6329 |   4722.3612 |   4600.6585 |   4687.4398 |   4681.3136 |
|     L2 data volume [GBytes]    |    3.4881 |    3.5409 |    3.5308 |    3.4673 |    3.6207 |    3.4072 |    3.5793 |    3.5886 |    3.4998 |    3.4721 |      3.4558 |      3.3618 |      3.5376 |      3.4568 |      3.4901 |      3.3495 |      3.3888 |      3.3902 |      3.4477 |      4.2288 |      3.5448 |      3.5549 |      3.5249 |      3.4512 |      3.3834 |      3.4193 |      3.4442 |      3.4592 |      3.5296 |      3.5426 |      3.5248 |      3.4962 |      3.5056 |      3.4225 |      3.4442 |      3.4075 |
+--------------------------------+-----------+-----------+-----------+-----------+-----------+-----------+-----------+-----------+-----------+-----------+-------------+-------------+-------------+-------------+-------------+-------------+-------------+-------------+-------------+-------------+-------------+-------------+-------------+-------------+-------------+-------------+-------------+-------------+-------------+-------------+-------------+-------------+-------------+-------------+-------------+-------------+

+-------------------------------------+-------------+-----------+-----------+-----------+-----------+-----------+-----------+
|                Metric               |     Sum     |    Min    |    Max    |    Avg    |  %ile 25  |  %ile 50  |  %ile 75  |
+-------------------------------------+-------------+-----------+-----------+-----------+-----------+-----------+-----------+
|       Runtime (RDTSC) [s] STAT      |     26.2241 |    0.7093 |    0.7675 |    0.7284 |    0.7187 |    0.7250 |    0.7348 |
|      Runtime unhalted [s] STAT      |     26.0919 |    0.7055 |    0.7641 |    0.7248 |    0.7156 |    0.7222 |    0.7312 |
|           Clock [MHz] STAT          |  86190.4561 | 2392.9089 | 2394.3325 | 2394.1793 | 2394.0935 | 2394.3175 | 2394.3226 |
|               CPI STAT              |     15.2432 |    0.4122 |    0.4464 |    0.4234 |    0.4181 |    0.4220 |    0.4272 |
|  L2D load bandwidth [MBytes/s] STAT | 111004.4777 | 2896.6652 | 3267.5407 | 3083.4577 | 3006.4406 | 3072.0972 | 3172.2318 |
|  L2D load data volume [GBytes] STAT |     80.8331 |    2.0918 |    2.3420 |    2.2454 |    2.2037 |    2.2450 |    2.3066 |
| L2D evict bandwidth [MBytes/s] STAT |  61387.1718 | 1573.2549 | 2677.4920 | 1705.1992 | 1658.5146 | 1670.7400 | 1703.9569 |
| L2D evict data volume [GBytes] STAT |     44.6873 |    1.1981 |    1.9077 |    1.2413 |    1.2072 |    1.2203 |    1.2361 |
|     L2 bandwidth [MBytes/s] STAT    | 172990.8004 | 4544.4997 | 5935.0573 | 4805.3000 | 4666.0518 | 4742.5587 | 4883.5324 |
|     L2 data volume [GBytes] STAT    |    125.9568 |    3.3495 |    4.2288 |    3.4988 |    3.4225 |    3.4721 |    3.5308 |
+-------------------------------------+-------------+-----------+-----------+-----------+-----------+-----------+-----------+

