2025-04-10 16:07:13 - 
2025-04-10 16:07:13 - =========================( Parsing command line arguments )=========================
2025-04-10 16:07:13 - 
2025-04-10 16:07:13 - All paths relative to input file subdirectory <../tests/perf/lb/scenario/guo/>
2025-04-10 16:07:13 - Input file = <../tests/perf/lb/scenario/guo/input_1socket>
2025-04-10 16:07:14 - File tag = <default>
2025-04-10 16:07:14 - From now on logging to file <LOG_1socket>
Region: add_source_term_pop_guo_CASE1_LOOP2
Group: 1
+--------------------------------+---------+------------+------------+------------+------------+------------+------------+------------+------------+------------+------------+-------------+-------------+-------------+-------------+-------------+-------------+-------------+-------------+-------------+-------------+-------------+-------------+-------------+-------------+-------------+-------------+-------------+-------------+-------------+-------------+-------------+-------------+-------------+-------------+-------------+-------------+
|              Event             | Counter |  f0402:0:0 |  f0402:1:1 |  f0402:2:2 |  f0402:3:3 |  f0402:4:4 |  f0402:5:5 |  f0402:6:6 |  f0402:7:7 |  f0402:8:8 |  f0402:9:9 | f0402:10:10 | f0402:11:11 | f0402:12:12 | f0402:13:13 | f0402:14:14 | f0402:15:15 | f0402:16:16 | f0402:17:17 | f0402:18:18 | f0402:19:19 | f0402:20:20 | f0402:21:21 | f0402:22:22 | f0402:23:23 | f0402:24:24 | f0402:25:25 | f0402:26:26 | f0402:27:27 | f0402:28:28 | f0402:29:29 | f0402:30:30 | f0402:31:31 | f0402:32:32 | f0402:33:33 | f0402:34:34 | f0402:35:35 |
+--------------------------------+---------+------------+------------+------------+------------+------------+------------+------------+------------+------------+------------+-------------+-------------+-------------+-------------+-------------+-------------+-------------+-------------+-------------+-------------+-------------+-------------+-------------+-------------+-------------+-------------+-------------+-------------+-------------+-------------+-------------+-------------+-------------+-------------+-------------+-------------+
|          Region calls          |   CTR   |        200 |        200 |        200 |        200 |        200 |        200 |        200 |        200 |        200 |        200 |         200 |         200 |         200 |         200 |         200 |         200 |         200 |         200 |         200 |         200 |         200 |         200 |         200 |         200 |         200 |         200 |         200 |         200 |         200 |         200 |         200 |         200 |         200 |         200 |         200 |         200 |
|        INSTR_RETIRED_ANY       |  FIXC0  | 4098121000 | 4098091000 | 4104549000 | 4098097000 | 4098102000 | 4098106000 | 4098108000 | 4098112000 | 4098115000 | 4098119000 |  4098124000 |  4098126000 |  4098130000 |  4098133000 |  4098137000 |  4098142000 |  4098146000 |  4098149000 |  4098151000 |  4098155000 |  4098164000 |  4098162000 |  4098166000 |  4098170000 |  4098173000 |  4098176000 |  4098181000 |  4098184000 |  4098189000 |  4098191000 |  4098196000 |  4098198000 |  4098202000 |  4098207000 |  4098209000 |  4098214000 |
|      CPU_CLK_UNHALTED_CORE     |  FIXC1  | 1775538000 | 1758396000 | 1863124000 | 1718761000 | 1688712000 | 1739735000 | 1766635000 | 1760692000 | 1704057000 | 1755260000 |  1730404000 |  1722338000 |  1770548000 |  1729285000 |  1774332000 |  1745078000 |  1762075000 |  1684075000 |  1787521000 |  1723898000 |  1743413000 |  1711900000 |  1734768000 |  1773972000 |  1785325000 |  1768020000 |  1721847000 |  1771666000 |  1724471000 |  1731477000 |  1715042000 |  1713377000 |  1701299000 |  1717351000 |  1729658000 |  1759986000 |
|      CPU_CLK_UNHALTED_REF      |  FIXC2  | 1775538000 | 1758403000 | 1863126000 | 1718765000 | 1688711000 | 1739733000 | 1766634000 | 1760693000 | 1704056000 | 1755259000 |  1730404000 |  1722341000 |  1770548000 |  1729284000 |  1774334000 |  1745080000 |  1762076000 |  1684077000 |  1787525000 |  1723900000 |  1743414000 |  1711897000 |  1734773000 |  1773970000 |  1785330000 |  1768018000 |  1721848000 |  1771670000 |  1724477000 |  1731478000 |  1715043000 |  1713374000 |  1701299000 |  1717352000 |  1729657000 |  1759990000 |
|          TOPDOWN_SLOTS         |  FIXC3  | 8877689000 | 8791982000 | 9315619000 | 8593804000 | 8443558000 | 8698673000 | 8833174000 | 8803458000 | 8520284000 | 8776302000 |  8652020000 |  8611692000 |  8852741000 |  8646426000 |  8871659000 |  8725388000 |  8810376000 |  8420374000 |  8937607000 |  8619491000 |  8717067000 |  8559498000 |  8673840000 |  8869862000 |  8926626000 |  8840101000 |  8609233000 |  8858328000 |  8622355000 |  8657384000 |  8575212000 |  8566886000 |  8506494000 |  8586755000 |  8648292000 |  8799931000 |
|  CYCLE_ACTIVITY_CYCLES_L2_MISS |   PMC0  |   31918740 |   39919790 |   27790990 |   26307160 |   26034180 |   24744730 |   26162020 |   30814960 |   29745450 |   45334100 |    30856240 |    27864560 |    25153500 |    29460040 |    29781750 |    38874090 |    28615860 |    30772800 |    26967250 |    19908880 |    36702130 |    33343770 |    28551390 |    19200260 |    24919490 |    17921850 |    20054620 |    42771260 |    35905680 |    21563420 |    20172210 |    23600840 |    18296230 |    23257180 |    22496170 |    21911860 |
|  CYCLE_ACTIVITY_CYCLES_MEM_ANY |   PMC1  | 1756824000 | 1738198000 | 1844803000 | 1700936000 | 1670650000 | 1721723000 | 1750496000 | 1743541000 | 1686261000 | 1737561000 |  1712018000 |  1704313000 |  1751285000 |  1711146000 |  1756567000 |  1726204000 |  1743648000 |  1665530000 |  1759823000 |  1706018000 |  1724288000 |  1694455000 |  1716546000 |  1745917000 |  1758271000 |  1741470000 |  1703920000 |  1755104000 |  1706189000 |  1712747000 |  1696844000 |  1696312000 |  1684792000 |  1698195000 |  1712630000 |  1740009000 |
| CYCLE_ACTIVITY_CYCLES_L1D_MISS |   PMC2  |  436250500 |  416335700 |  440994300 |  381395400 |  351149300 |  403987200 |  419736600 |  425579700 |  364002500 |  424070200 |   392915000 |   383746600 |   430610600 |   391687100 |   433601300 |   408067000 |   423046400 |   341409400 |   379632300 |   372444700 |   406371200 |   374611700 |   391921100 |   363815800 |   359541800 |   357769300 |   369019500 |   377624000 |   385813700 |   391209400 |   373524200 |   375426700 |   358857700 |   366566800 |   386805200 |   408450000 |
|   CYCLE_ACTIVITY_STALLS_TOTAL  |   PMC3  |  362937300 |  346651600 |  369115900 |  312747500 |  283525000 |  331665900 |  355792400 |  352706800 |  298605200 |  346714800 |   322609100 |   313826300 |   360278900 |   321608800 |   364306400 |   335816700 |   353316700 |   277766400 |   329083600 |   312929100 |   333997900 |   302422300 |   326200900 |   316947800 |   317722500 |   313870700 |   309201500 |   313226500 |   316379400 |   324832900 |   307355300 |   309418900 |   296193500 |   307355900 |   321218900 |   345226600 |
+--------------------------------+---------+------------+------------+------------+------------+------------+------------+------------+------------+------------+------------+-------------+-------------+-------------+-------------+-------------+-------------+-------------+-------------+-------------+-------------+-------------+-------------+-------------+-------------+-------------+-------------+-------------+-------------+-------------+-------------+-------------+-------------+-------------+-------------+-------------+-------------+

+-------------------------------------+---------+--------------+------------+------------+--------------+
|                Event                | Counter |      Sum     |     Min    |     Max    |      Avg     |
+-------------------------------------+---------+--------------+------------+------------+--------------+
|          Region calls STAT          |   CTR   |         7200 |        200 |        200 |          200 |
|        INSTR_RETIRED_ANY STAT       |  FIXC0  | 147539895000 | 4098091000 | 4104549000 | 4.098330e+09 |
|      CPU_CLK_UNHALTED_CORE STAT     |  FIXC1  |  62764036000 | 1684075000 | 1863124000 | 1.743445e+09 |
|      CPU_CLK_UNHALTED_REF STAT      |  FIXC2  |  62764077000 | 1684077000 | 1863126000 | 1.743447e+09 |
|          TOPDOWN_SLOTS STAT         |  FIXC3  | 313820181000 | 8420374000 | 9315619000 |   8717227250 |
|  CYCLE_ACTIVITY_CYCLES_L2_MISS STAT |   PMC0  |   1007695450 |   17921850 |   45334100 | 2.799154e+07 |
|  CYCLE_ACTIVITY_CYCLES_MEM_ANY STAT |   PMC1  |  62075234000 | 1665530000 | 1844803000 | 1.724312e+09 |
| CYCLE_ACTIVITY_CYCLES_L1D_MISS STAT |   PMC2  |  14067989900 |  341409400 |  440994300 | 3.907775e+08 |
|   CYCLE_ACTIVITY_STALLS_TOTAL STAT  |   PMC3  |  11713575900 |  277766400 |  369115900 | 3.253771e+08 |
+-------------------------------------+---------+--------------+------------+------------+--------------+

+--------------------------------------------------+-----------+-----------+-----------+-----------+-----------+-----------+-----------+-----------+-----------+-----------+-------------+-------------+-------------+-------------+-------------+-------------+-------------+-------------+-------------+-------------+-------------+-------------+-------------+-------------+-------------+-------------+-------------+-------------+-------------+-------------+-------------+-------------+-------------+-------------+-------------+-------------+
|                      Metric                      | f0402:0:0 | f0402:1:1 | f0402:2:2 | f0402:3:3 | f0402:4:4 | f0402:5:5 | f0402:6:6 | f0402:7:7 | f0402:8:8 | f0402:9:9 | f0402:10:10 | f0402:11:11 | f0402:12:12 | f0402:13:13 | f0402:14:14 | f0402:15:15 | f0402:16:16 | f0402:17:17 | f0402:18:18 | f0402:19:19 | f0402:20:20 | f0402:21:21 | f0402:22:22 | f0402:23:23 | f0402:24:24 | f0402:25:25 | f0402:26:26 | f0402:27:27 | f0402:28:28 | f0402:29:29 | f0402:30:30 | f0402:31:31 | f0402:32:32 | f0402:33:33 | f0402:34:34 | f0402:35:35 |
+--------------------------------------------------+-----------+-----------+-----------+-----------+-----------+-----------+-----------+-----------+-----------+-----------+-------------+-------------+-------------+-------------+-------------+-------------+-------------+-------------+-------------+-------------+-------------+-------------+-------------+-------------+-------------+-------------+-------------+-------------+-------------+-------------+-------------+-------------+-------------+-------------+-------------+-------------+
|                Runtime (RDTSC) [s]               |    0.7466 |    0.7381 |    0.7811 |    0.7207 |    0.7107 |    0.7304 |    0.7404 |    0.7383 |    0.7153 |    0.7354 |      0.7265 |      0.7219 |      0.7449 |      0.7256 |      0.7443 |      0.7370 |      0.7403 |      0.7095 |      0.7495 |      0.7255 |      0.7331 |      0.7174 |      0.7272 |      0.7440 |      0.7490 |      0.7419 |      0.7242 |      0.7429 |      0.7261 |      0.7256 |      0.7217 |      0.7180 |      0.7138 |      0.7232 |      0.7251 |      0.7396 |
|               Runtime unhalted [s]               |    0.7416 |    0.7344 |    0.7781 |    0.7179 |    0.7053 |    0.7266 |    0.7378 |    0.7354 |    0.7118 |    0.7331 |      0.7227 |      0.7193 |      0.7395 |      0.7222 |      0.7411 |      0.7289 |      0.7360 |      0.7034 |      0.7466 |      0.7200 |      0.7281 |      0.7151 |      0.7245 |      0.7410 |      0.7457 |      0.7384 |      0.7191 |      0.7401 |      0.7203 |      0.7234 |      0.7163 |      0.7156 |      0.7106 |      0.7173 |      0.7224 |      0.7351 |
|                    Clock [MHz]                   | 2394.3257 | 2394.3115 | 2394.3027 | 2394.1865 | 2394.3271 | 2394.2305 | 2394.3258 | 2394.3201 | 2393.8576 | 2394.3252 |   2394.3234 |   2394.3190 |   2394.2289 |   2394.3247 |   2394.3194 |   2394.0794 |   2394.2163 |   2394.2767 |   2394.3190 |   2394.3228 |   2394.3183 |   2394.0133 |   2394.3126 |   2393.9983 |   2394.2725 |   2394.3266 |   2394.3262 |   2393.9296 |   2394.0047 |   2393.6875 |   2394.3012 |   2394.3294 |   2394.1625 |   2394.3242 |   2394.3243 |   2394.3170 |
|                        CPI                       |    0.4333 |    0.4291 |    0.4539 |    0.4194 |    0.4121 |    0.4245 |    0.4311 |    0.4296 |    0.4158 |    0.4283 |      0.4222 |      0.4203 |      0.4320 |      0.4220 |      0.4330 |      0.4258 |      0.4300 |      0.4109 |      0.4362 |      0.4207 |      0.4254 |      0.4177 |      0.4233 |      0.4329 |      0.4356 |      0.4314 |      0.4201 |      0.4323 |      0.4208 |      0.4225 |      0.4185 |      0.4181 |      0.4151 |      0.4190 |      0.4221 |      0.4295 |
|           Cycles without execution [%]           |   20.4410 |   19.7141 |   19.8117 |   18.1961 |   16.7894 |   19.0642 |   20.1396 |   20.0323 |   17.5232 |   19.7529 |     18.6436 |     18.2209 |     20.3484 |     18.5978 |     20.5320 |     19.2436 |     20.0512 |     16.4937 |     18.4101 |     18.1524 |     19.1577 |     17.6659 |     18.8037 |     17.8666 |     17.7963 |     17.7527 |     17.9575 |     17.6798 |     18.3465 |     18.7605 |     17.9212 |     18.0590 |     17.4098 |     17.8971 |     18.5712 |     19.6153 |
|      Cycles without execution due to L1D [%]     |   24.5700 |   23.6770 |   23.6696 |   22.1901 |   20.7939 |   23.2212 |   23.7591 |   24.1712 |   21.3609 |   24.1600 |     22.7065 |     22.2806 |     24.3208 |     22.6502 |     24.4374 |     23.3839 |     24.0084 |     20.2728 |     21.2379 |     21.6048 |     23.3089 |     21.8828 |     22.5921 |     20.5085 |     20.1387 |     20.2356 |     21.4316 |     21.3146 |     22.3729 |     22.5940 |     21.7793 |     21.9115 |     21.0932 |     21.3449 |     22.3631 |     23.2076 |
|      Cycles without execution due to L2 [%]      |    1.7977 |    2.2702 |    1.4916 |    1.5306 |    1.5417 |    1.4223 |    1.4809 |    1.7502 |    1.7456 |    2.5828 |      1.7832 |      1.6178 |      1.4207 |      1.7036 |      1.6785 |      2.2276 |      1.6240 |      1.8273 |      1.5086 |      1.1549 |      2.1052 |      1.9478 |      1.6458 |      1.0823 |      1.3958 |      1.0137 |      1.1647 |      2.4142 |      2.0821 |      1.2454 |      1.1762 |      1.3774 |      1.0754 |      1.3542 |      1.3006 |      1.2450 |
| Cycles without execution due to memory loads [%] |   98.9460 |   98.8513 |   99.0167 |   98.9629 |   98.9304 |   98.9647 |   99.0865 |   99.0259 |   98.9557 |   98.9917 |     98.9375 |     98.9535 |     98.9120 |     98.9511 |     98.9988 |     98.9184 |     98.9542 |     98.8988 |     98.4505 |     98.9628 |     98.9030 |     98.9810 |     98.9496 |     98.4185 |     98.4846 |     98.4983 |     98.9589 |     99.0652 |     98.9398 |     98.9183 |     98.9389 |     99.0040 |     99.0297 |     98.8846 |     99.0155 |     98.8649 |
+--------------------------------------------------+-----------+-----------+-----------+-----------+-----------+-----------+-----------+-----------+-----------+-----------+-------------+-------------+-------------+-------------+-------------+-------------+-------------+-------------+-------------+-------------+-------------+-------------+-------------+-------------+-------------+-------------+-------------+-------------+-------------+-------------+-------------+-------------+-------------+-------------+-------------+-------------+

+-------------------------------------------------------+------------+-----------+-----------+-----------+-----------+-----------+-----------+
|                         Metric                        |     Sum    |    Min    |    Max    |    Avg    |  %ile 25  |  %ile 50  |  %ile 75  |
+-------------------------------------------------------+------------+-----------+-----------+-----------+-----------+-----------+-----------+
|                Runtime (RDTSC) [s] STAT               |    26.3548 |    0.7095 |    0.7811 |    0.7321 |    0.7219 |    0.7272 |    0.7404 |
|               Runtime unhalted [s] STAT               |    26.2147 |    0.7034 |    0.7781 |    0.7282 |    0.7179 |    0.7245 |    0.7378 |
|                    Clock [MHz] STAT                   | 86192.1905 | 2393.6875 | 2394.3294 | 2394.2275 | 2394.1865 | 2394.3126 | 2394.3242 |
|                        CPI STAT                       |    15.3145 |    0.4109 |    0.4539 |    0.4254 |    0.4194 |    0.4233 |    0.4311 |
|           Cycles without execution [%] STAT           |   671.4190 |   16.4937 |   20.5320 |   18.6505 |   17.8666 |   18.4101 |   19.6153 |
|      Cycles without execution due to L1D [%] STAT     |   806.5556 |   20.1387 |   24.5700 |   22.4043 |   21.3449 |   22.3631 |   23.3839 |
|      Cycles without execution due to L2 [%] STAT      |    57.7856 |    1.0137 |    2.5828 |    1.6052 |    1.3006 |    1.5306 |    1.7832 |
| Cycles without execution due to memory loads [%] STAT |  3560.5242 |   98.4185 |   99.0865 |   98.9034 |   98.9030 |   98.9496 |   98.9810 |
+-------------------------------------------------------+------------+-----------+-----------+-----------+-----------+-----------+-----------+

