2025-04-10 15:51:08 - 
2025-04-10 15:51:08 - =========================( Parsing command line arguments )=========================
2025-04-10 15:51:08 - 
2025-04-10 15:51:08 - All paths relative to input file subdirectory <../tests/perf/lb/scenario/guo/>
2025-04-10 15:51:08 - Input file = <../tests/perf/lb/scenario/guo/input_1socket>
2025-04-10 15:51:08 - File tag = <default>
2025-04-10 15:51:08 - From now on logging to file <LOG_1socket>
Region: add_source_term_pop_guo_CASE1_LOOP2
Group: 1
+-----------------------+---------+------------+------------+------------+------------+------------+------------+------------+------------+------------+------------+-------------+-------------+-------------+-------------+-------------+-------------+-------------+-------------+-------------+-------------+-------------+-------------+-------------+-------------+-------------+-------------+-------------+-------------+-------------+-------------+-------------+-------------+-------------+-------------+-------------+-------------+
|         Event         | Counter |  f0402:0:0 |  f0402:1:1 |  f0402:2:2 |  f0402:3:3 |  f0402:4:4 |  f0402:5:5 |  f0402:6:6 |  f0402:7:7 |  f0402:8:8 |  f0402:9:9 | f0402:10:10 | f0402:11:11 | f0402:12:12 | f0402:13:13 | f0402:14:14 | f0402:15:15 | f0402:16:16 | f0402:17:17 | f0402:18:18 | f0402:19:19 | f0402:20:20 | f0402:21:21 | f0402:22:22 | f0402:23:23 | f0402:24:24 | f0402:25:25 | f0402:26:26 | f0402:27:27 | f0402:28:28 | f0402:29:29 | f0402:30:30 | f0402:31:31 | f0402:32:32 | f0402:33:33 | f0402:34:34 | f0402:35:35 |
+-----------------------+---------+------------+------------+------------+------------+------------+------------+------------+------------+------------+------------+-------------+-------------+-------------+-------------+-------------+-------------+-------------+-------------+-------------+-------------+-------------+-------------+-------------+-------------+-------------+-------------+-------------+-------------+-------------+-------------+-------------+-------------+-------------+-------------+-------------+-------------+
|      Region calls     |   CTR   |        200 |        200 |        200 |        200 |        200 |        200 |        200 |        200 |        200 |        200 |         200 |         200 |         200 |         200 |         200 |         200 |         200 |         200 |         200 |         200 |         200 |         200 |         200 |         200 |         200 |         200 |         200 |         200 |         200 |         200 |         200 |         200 |         200 |         200 |         200 |         200 |
|   INSTR_RETIRED_ANY   |  FIXC0  | 4098358000 | 4098016000 | 4098018000 | 4098020000 | 4098025000 | 4098030000 | 4098032000 | 4098035000 | 4101587000 | 4098043000 |  4098046000 |  4098050000 |  4098053000 |  4098057000 |  4098060000 |  4098065000 |  4098067000 |  4098071000 |  4098075000 |  4098079000 |  4098082000 |  4098085000 |  4098090000 |  4098092000 |  4098096000 |  4098100000 |  4098104000 |  4098107000 |  4098110000 |  4098115000 |  4098118000 |  4098121000 |  4098125000 |  4098129000 |  4098133000 |  4098137000 |
| CPU_CLK_UNHALTED_CORE |  FIXC1  | 1792018000 | 1721267000 | 1743283000 | 1731836000 | 1777677000 | 1755469000 | 1769298000 | 1700578000 | 1755910000 | 1717888000 |  1736018000 |  1756121000 |  1717780000 |  1731173000 |  1752201000 |  1729408000 |  1734566000 |  1757807000 |  1836335000 |  1721868000 |  1721455000 |  1750764000 |  1726738000 |  1762847000 |  1774606000 |  1691353000 |  1792464000 |  1788159000 |  1769394000 |  1706556000 |  1754140000 |  1771838000 |  1781541000 |  1735644000 |  1731362000 |  1778176000 |
|  CPU_CLK_UNHALTED_REF |  FIXC2  | 1792018000 | 1721263000 | 1743280000 | 1731829000 | 1777677000 | 1755470000 | 1769297000 | 1700576000 | 1755912000 | 1717884000 |  1736019000 |  1756120000 |  1717778000 |  1731172000 |  1752201000 |  1729407000 |  1734570000 |  1757807000 |  1836339000 |  1721865000 |  1721454000 |  1750766000 |  1726735000 |  1762851000 |  1774607000 |  1691354000 |  1792462000 |  1788155000 |  1769398000 |  1706557000 |  1754136000 |  1771836000 |  1781544000 |  1735641000 |  1731356000 |  1778181000 |
|     TOPDOWN_SLOTS     |  FIXC3  | 8960092000 | 8606334000 | 8716413000 | 8659178000 | 8888385000 | 8777345000 | 8846492000 | 8502889000 | 8779548000 | 8589439000 |  8680089000 |  8780606000 |  8588899000 |  8655863000 |  8761005000 |  8647041000 |  8672831000 |  8789035000 |  9181677000 |  8609338000 |  8607274000 |  8753819000 |  8633692000 |  8814235000 |  8873029000 |  8456766000 |  8962319000 |  8940796000 |  8846968000 |  8532782000 |  8770699000 |  8859191000 |  8907706000 |  8678218000 |  8656809000 |  8890880000 |
|      CAS_COUNT_RD     | MBOX0C0 |  128722400 |          0 |          0 |          0 |          0 |          0 |          0 |          0 |          0 |          0 |           0 |           0 |           0 |           0 |           0 |           0 |           0 |           0 |           0 |           0 |           0 |           0 |           0 |           0 |           0 |           0 |           0 |           0 |           0 |           0 |           0 |           0 |           0 |           0 |           0 |           0 |
|      CAS_COUNT_WR     | MBOX0C1 |   95566840 |          0 |          0 |          0 |          0 |          0 |          0 |          0 |          0 |          0 |           0 |           0 |           0 |           0 |           0 |           0 |           0 |           0 |           0 |           0 |           0 |           0 |           0 |           0 |           0 |           0 |           0 |           0 |           0 |           0 |           0 |           0 |           0 |           0 |           0 |           0 |
|      CAS_COUNT_RD     | MBOX1C0 |  128902200 |          0 |          0 |          0 |          0 |          0 |          0 |          0 |          0 |          0 |           0 |           0 |           0 |           0 |           0 |           0 |           0 |           0 |           0 |           0 |           0 |           0 |           0 |           0 |           0 |           0 |           0 |           0 |           0 |           0 |           0 |           0 |           0 |           0 |           0 |           0 |
|      CAS_COUNT_WR     | MBOX1C1 |   95631000 |          0 |          0 |          0 |          0 |          0 |          0 |          0 |          0 |          0 |           0 |           0 |           0 |           0 |           0 |           0 |           0 |           0 |           0 |           0 |           0 |           0 |           0 |           0 |           0 |           0 |           0 |           0 |           0 |           0 |           0 |           0 |           0 |           0 |           0 |           0 |
|      CAS_COUNT_RD     | MBOX2C0 |  129073400 |          0 |          0 |          0 |          0 |          0 |          0 |          0 |          0 |          0 |           0 |           0 |           0 |           0 |           0 |           0 |           0 |           0 |           0 |           0 |           0 |           0 |           0 |           0 |           0 |           0 |           0 |           0 |           0 |           0 |           0 |           0 |           0 |           0 |           0 |           0 |
|      CAS_COUNT_WR     | MBOX2C1 |   95616650 |          0 |          0 |          0 |          0 |          0 |          0 |          0 |          0 |          0 |           0 |           0 |           0 |           0 |           0 |           0 |           0 |           0 |           0 |           0 |           0 |           0 |           0 |           0 |           0 |           0 |           0 |           0 |           0 |           0 |           0 |           0 |           0 |           0 |           0 |           0 |
|      CAS_COUNT_RD     | MBOX3C0 |  129358800 |          0 |          0 |          0 |          0 |          0 |          0 |          0 |          0 |          0 |           0 |           0 |           0 |           0 |           0 |           0 |           0 |           0 |           0 |           0 |           0 |           0 |           0 |           0 |           0 |           0 |           0 |           0 |           0 |           0 |           0 |           0 |           0 |           0 |           0 |           0 |
|      CAS_COUNT_WR     | MBOX3C1 |   95911540 |          0 |          0 |          0 |          0 |          0 |          0 |          0 |          0 |          0 |           0 |           0 |           0 |           0 |           0 |           0 |           0 |           0 |           0 |           0 |           0 |           0 |           0 |           0 |           0 |           0 |           0 |           0 |           0 |           0 |           0 |           0 |           0 |           0 |           0 |           0 |
|      CAS_COUNT_RD     | MBOX4C0 |  130552700 |          0 |          0 |          0 |          0 |          0 |          0 |          0 |          0 |          0 |           0 |           0 |           0 |           0 |           0 |           0 |           0 |           0 |           0 |           0 |           0 |           0 |           0 |           0 |           0 |           0 |           0 |           0 |           0 |           0 |           0 |           0 |           0 |           0 |           0 |           0 |
|      CAS_COUNT_WR     | MBOX4C1 |   98519080 |          0 |          0 |          0 |          0 |          0 |          0 |          0 |          0 |          0 |           0 |           0 |           0 |           0 |           0 |           0 |           0 |           0 |           0 |           0 |           0 |           0 |           0 |           0 |           0 |           0 |           0 |           0 |           0 |           0 |           0 |           0 |           0 |           0 |           0 |           0 |
|      CAS_COUNT_RD     | MBOX5C0 |  130661700 |          0 |          0 |          0 |          0 |          0 |          0 |          0 |          0 |          0 |           0 |           0 |           0 |           0 |           0 |           0 |           0 |           0 |           0 |           0 |           0 |           0 |           0 |           0 |           0 |           0 |           0 |           0 |           0 |           0 |           0 |           0 |           0 |           0 |           0 |           0 |
|      CAS_COUNT_WR     | MBOX5C1 |   98759440 |          0 |          0 |          0 |          0 |          0 |          0 |          0 |          0 |          0 |           0 |           0 |           0 |           0 |           0 |           0 |           0 |           0 |           0 |           0 |           0 |           0 |           0 |           0 |           0 |           0 |           0 |           0 |           0 |           0 |           0 |           0 |           0 |           0 |           0 |           0 |
|      CAS_COUNT_RD     | MBOX6C0 |  130688400 |          0 |          0 |          0 |          0 |          0 |          0 |          0 |          0 |          0 |           0 |           0 |           0 |           0 |           0 |           0 |           0 |           0 |           0 |           0 |           0 |           0 |           0 |           0 |           0 |           0 |           0 |           0 |           0 |           0 |           0 |           0 |           0 |           0 |           0 |           0 |
|      CAS_COUNT_WR     | MBOX6C1 |   98747520 |          0 |          0 |          0 |          0 |          0 |          0 |          0 |          0 |          0 |           0 |           0 |           0 |           0 |           0 |           0 |           0 |           0 |           0 |           0 |           0 |           0 |           0 |           0 |           0 |           0 |           0 |           0 |           0 |           0 |           0 |           0 |           0 |           0 |           0 |           0 |
|      CAS_COUNT_RD     | MBOX7C0 |  130759000 |          0 |          0 |          0 |          0 |          0 |          0 |          0 |          0 |          0 |           0 |           0 |           0 |           0 |           0 |           0 |           0 |           0 |           0 |           0 |           0 |           0 |           0 |           0 |           0 |           0 |           0 |           0 |           0 |           0 |           0 |           0 |           0 |           0 |           0 |           0 |
|      CAS_COUNT_WR     | MBOX7C1 |   98934730 |          0 |          0 |          0 |          0 |          0 |          0 |          0 |          0 |          0 |           0 |           0 |           0 |           0 |           0 |           0 |           0 |           0 |           0 |           0 |           0 |           0 |           0 |           0 |           0 |           0 |           0 |           0 |           0 |           0 |           0 |           0 |           0 |           0 |           0 |           0 |
+-----------------------+---------+------------+------------+------------+------------+------------+------------+------------+------------+------------+------------+-------------+-------------+-------------+-------------+-------------+-------------+-------------+-------------+-------------+-------------+-------------+-------------+-------------+-------------+-------------+-------------+-------------+-------------+-------------+-------------+-------------+-------------+-------------+-------------+-------------+-------------+

+----------------------------+---------+--------------+------------+------------+--------------+
|            Event           | Counter |      Sum     |     Min    |     Max    |      Avg     |
+----------------------------+---------+--------------+------------+------------+--------------+
|      Region calls STAT     |   CTR   |         7200 |        200 |        200 |          200 |
|   INSTR_RETIRED_ANY STAT   |  FIXC0  | 147534531000 | 4098016000 | 4101587000 | 4.098181e+09 |
| CPU_CLK_UNHALTED_CORE STAT |  FIXC1  |  62975538000 | 1691353000 | 1836335000 |   1749320500 |
|  CPU_CLK_UNHALTED_REF STAT |  FIXC2  |  62975517000 | 1691354000 | 1836339000 | 1.749320e+09 |
|     TOPDOWN_SLOTS STAT     |  FIXC3  | 314877682000 | 8456766000 | 9181677000 | 8.746602e+09 |
|      CAS_COUNT_RD STAT     | MBOX0C0 |    128722400 |          0 |  128722400 | 3.575622e+06 |
|      CAS_COUNT_WR STAT     | MBOX0C1 |     95566840 |          0 |   95566840 | 2.654634e+06 |
|      CAS_COUNT_RD STAT     | MBOX1C0 |    128902200 |          0 |  128902200 | 3.580617e+06 |
|      CAS_COUNT_WR STAT     | MBOX1C1 |     95631000 |          0 |   95631000 | 2.656417e+06 |
|      CAS_COUNT_RD STAT     | MBOX2C0 |    129073400 |          0 |  129073400 | 3.585372e+06 |
|      CAS_COUNT_WR STAT     | MBOX2C1 |     95616650 |          0 |   95616650 | 2.656018e+06 |
|      CAS_COUNT_RD STAT     | MBOX3C0 |    129358800 |          0 |  129358800 |      3593300 |
|      CAS_COUNT_WR STAT     | MBOX3C1 |     95911540 |          0 |   95911540 | 2.664209e+06 |
|      CAS_COUNT_RD STAT     | MBOX4C0 |    130552700 |          0 |  130552700 | 3.626464e+06 |
|      CAS_COUNT_WR STAT     | MBOX4C1 |     98519080 |          0 |   98519080 | 2.736641e+06 |
|      CAS_COUNT_RD STAT     | MBOX5C0 |    130661700 |          0 |  130661700 | 3.629492e+06 |
|      CAS_COUNT_WR STAT     | MBOX5C1 |     98759440 |          0 |   98759440 | 2.743318e+06 |
|      CAS_COUNT_RD STAT     | MBOX6C0 |    130688400 |          0 |  130688400 | 3.630233e+06 |
|      CAS_COUNT_WR STAT     | MBOX6C1 |     98747520 |          0 |   98747520 | 2.742987e+06 |
|      CAS_COUNT_RD STAT     | MBOX7C0 |    130759000 |          0 |  130759000 | 3.632194e+06 |
|      CAS_COUNT_WR STAT     | MBOX7C1 |     98934730 |          0 |   98934730 | 2.748187e+06 |
+----------------------------+---------+--------------+------------+------------+--------------+

+-----------------------------------+-------------+-----------+-----------+-----------+-----------+-----------+-----------+-----------+-----------+-----------+-------------+-------------+-------------+-------------+-------------+-------------+-------------+-------------+-------------+-------------+-------------+-------------+-------------+-------------+-------------+-------------+-------------+-------------+-------------+-------------+-------------+-------------+-------------+-------------+-------------+-------------+
|               Metric              |  f0402:0:0  | f0402:1:1 | f0402:2:2 | f0402:3:3 | f0402:4:4 | f0402:5:5 | f0402:6:6 | f0402:7:7 | f0402:8:8 | f0402:9:9 | f0402:10:10 | f0402:11:11 | f0402:12:12 | f0402:13:13 | f0402:14:14 | f0402:15:15 | f0402:16:16 | f0402:17:17 | f0402:18:18 | f0402:19:19 | f0402:20:20 | f0402:21:21 | f0402:22:22 | f0402:23:23 | f0402:24:24 | f0402:25:25 | f0402:26:26 | f0402:27:27 | f0402:28:28 | f0402:29:29 | f0402:30:30 | f0402:31:31 | f0402:32:32 | f0402:33:33 | f0402:34:34 | f0402:35:35 |
+-----------------------------------+-------------+-----------+-----------+-----------+-----------+-----------+-----------+-----------+-----------+-----------+-------------+-------------+-------------+-------------+-------------+-------------+-------------+-------------+-------------+-------------+-------------+-------------+-------------+-------------+-------------+-------------+-------------+-------------+-------------+-------------+-------------+-------------+-------------+-------------+-------------+-------------+
|        Runtime (RDTSC) [s]        |      0.7557 |    0.7237 |    0.7311 |    0.7263 |    0.7464 |    0.7366 |    0.7424 |    0.7127 |    0.7372 |    0.7218 |      0.7278 |      0.7386 |      0.7208 |      0.7272 |      0.7358 |      0.7280 |      0.7272 |      0.7374 |      0.7699 |      0.7225 |      0.7222 |      0.7339 |      0.7249 |      0.7390 |      0.7444 |      0.7104 |      0.7527 |      0.7494 |      0.7411 |      0.7164 |      0.7354 |      0.7429 |      0.7471 |      0.7279 |      0.7260 |      0.7467 |
|        Runtime unhalted [s]       |      0.7487 |    0.7190 |    0.7281 |    0.7233 |    0.7425 |    0.7332 |    0.7390 |    0.7103 |    0.7334 |    0.7175 |      0.7251 |      0.7335 |      0.7176 |      0.7230 |      0.7318 |      0.7223 |      0.7245 |      0.7342 |      0.7672 |      0.7193 |      0.7190 |      0.7312 |      0.7212 |      0.7363 |      0.7412 |      0.7065 |      0.7487 |      0.7468 |      0.7390 |      0.7128 |      0.7328 |      0.7413 |      0.7441 |      0.7249 |      0.7231 |      0.7427 |
|            Clock [MHz]            |   2393.6372 | 2394.0987 | 2394.3282 | 2394.3295 | 2394.3278 | 2394.3242 | 2394.2998 | 2394.3298 | 2394.3183 | 2394.3311 |   2394.0746 |   2394.3260 |   2393.7170 |   2394.2983 |   2394.3248 |   2394.3285 |   2394.2666 |   2394.3264 |   2393.5590 |   2393.8068 |   2394.1426 |   2394.2251 |   2394.3265 |   2394.3191 |   2394.2987 |   2394.0497 |   2394.0071 |   2394.3300 |   2394.3192 |   2394.3186 |   2393.8530 |   2390.2260 |   2394.2840 |   2394.2648 |   2394.3282 |   2394.3138 |
|                CPI                |      0.4373 |    0.4200 |    0.4254 |    0.4226 |    0.4338 |    0.4284 |    0.4317 |    0.4150 |    0.4281 |    0.4192 |      0.4236 |      0.4285 |      0.4192 |      0.4224 |      0.4276 |      0.4220 |      0.4233 |      0.4289 |      0.4481 |      0.4202 |      0.4201 |      0.4272 |      0.4214 |      0.4302 |      0.4330 |      0.4127 |      0.4374 |      0.4363 |      0.4318 |      0.4164 |      0.4280 |      0.4324 |      0.4347 |      0.4235 |      0.4225 |      0.4339 |
|  Memory read bandwidth [MBytes/s] |  87970.7369 |         0 |         0 |         0 |         0 |         0 |         0 |         0 |         0 |         0 |           0 |           0 |           0 |           0 |           0 |           0 |           0 |           0 |           0 |           0 |           0 |           0 |           0 |           0 |           0 |           0 |           0 |           0 |           0 |           0 |           0 |           0 |           0 |           0 |           0 |           0 |
|  Memory read data volume [GBytes] |     66.4780 |         0 |         0 |         0 |         0 |         0 |         0 |         0 |         0 |         0 |           0 |           0 |           0 |           0 |           0 |           0 |           0 |           0 |           0 |           0 |           0 |           0 |           0 |           0 |           0 |           0 |           0 |           0 |           0 |           0 |           0 |           0 |           0 |           0 |           0 |           0 |
| Memory write bandwidth [MBytes/s] |  65863.5370 |         0 |         0 |         0 |         0 |         0 |         0 |         0 |         0 |         0 |           0 |           0 |           0 |           0 |           0 |           0 |           0 |           0 |           0 |           0 |           0 |           0 |           0 |           0 |           0 |           0 |           0 |           0 |           0 |           0 |           0 |           0 |           0 |           0 |           0 |           0 |
| Memory write data volume [GBytes] |     49.7720 |         0 |         0 |         0 |         0 |         0 |         0 |         0 |         0 |         0 |           0 |           0 |           0 |           0 |           0 |           0 |           0 |           0 |           0 |           0 |           0 |           0 |           0 |           0 |           0 |           0 |           0 |           0 |           0 |           0 |           0 |           0 |           0 |           0 |           0 |           0 |
|    Memory bandwidth [MBytes/s]    | 153834.2739 |         0 |         0 |         0 |         0 |         0 |         0 |         0 |         0 |         0 |           0 |           0 |           0 |           0 |           0 |           0 |           0 |           0 |           0 |           0 |           0 |           0 |           0 |           0 |           0 |           0 |           0 |           0 |           0 |           0 |           0 |           0 |           0 |           0 |           0 |           0 |
|    Memory data volume [GBytes]    |    116.2499 |         0 |         0 |         0 |         0 |         0 |         0 |         0 |         0 |         0 |           0 |           0 |           0 |           0 |           0 |           0 |           0 |           0 |           0 |           0 |           0 |           0 |           0 |           0 |           0 |           0 |           0 |           0 |           0 |           0 |           0 |           0 |           0 |           0 |           0 |           0 |
+-----------------------------------+-------------+-----------+-----------+-----------+-----------+-----------+-----------+-----------+-----------+-----------+-------------+-------------+-------------+-------------+-------------+-------------+-------------+-------------+-------------+-------------+-------------+-------------+-------------+-------------+-------------+-------------+-------------+-------------+-------------+-------------+-------------+-------------+-------------+-------------+-------------+-------------+

+----------------------------------------+-------------+-----------+-------------+-----------+-----------+-----------+-----------+
|                 Metric                 |     Sum     |    Min    |     Max     |    Avg    |  %ile 25  |  %ile 50  |  %ile 75  |
+----------------------------------------+-------------+-----------+-------------+-----------+-----------+-----------+-----------+
|        Runtime (RDTSC) [s] STAT        |     26.4295 |    0.7104 |      0.7699 |    0.7342 |    0.7249 |    0.7339 |    0.7424 |
|        Runtime unhalted [s] STAT       |     26.3051 |    0.7065 |      0.7672 |    0.7307 |    0.7212 |    0.7312 |    0.7390 |
|            Clock [MHz] STAT            |  86186.9590 | 2390.2260 |   2394.3311 | 2394.0822 | 2394.0746 | 2394.2998 | 2394.3264 |
|                CPI STAT                |     15.3668 |    0.4127 |      0.4481 |    0.4269 |    0.4214 |    0.4272 |    0.4318 |
|  Memory read bandwidth [MBytes/s] STAT |  87970.7369 |         0 |  87970.7369 | 2443.6316 |         0 |         0 |         0 |
|  Memory read data volume [GBytes] STAT |     66.4780 |         0 |     66.4780 |    1.8466 |         0 |         0 |         0 |
| Memory write bandwidth [MBytes/s] STAT |  65863.5370 |         0 |  65863.5370 | 1829.5427 |         0 |         0 |         0 |
| Memory write data volume [GBytes] STAT |     49.7720 |         0 |     49.7720 |    1.3826 |         0 |         0 |         0 |
|    Memory bandwidth [MBytes/s] STAT    | 153834.2739 |         0 | 153834.2739 | 4273.1743 |         0 |         0 |         0 |
|    Memory data volume [GBytes] STAT    |    116.2499 |         0 |    116.2499 |    3.2292 |         0 |         0 |         0 |
+----------------------------------------+-------------+-----------+-------------+-----------+-----------+-----------+-----------+

